-1.753099975585937500e+02 -3.919700000000000000e+05
-1.452630004882812500e+02 -8.368200000000000000e+05
-6.000000000000000000e+01 -1.000000000000000000e+06
-2.081799926757812500e+02 3.660000000000000000e+04
-4.764999961853027344e+01 -7.670600000000000000e+05
-6.000000000000000000e+01 -1.000000000000000000e+06
-1.496070022583007812e+02 -6.630100000000000000e+05
-1.086520004272460938e+02 -3.844200000000000000e+05
-6.000000000000000000e+01 -1.000000000000000000e+06
-6.000000000000000000e+01 -1.000000000000000000e+06
-1.624000015258789062e+02 -8.071700000000000000e+05
-1.431940002441406250e+02 -5.616500000000000000e+05
-1.378529968261718750e+02 -3.106800000000000000e+05
-1.873899993896484375e+02 -5.567100000000000000e+05
-6.000000000000000000e+01 -1.000000000000000000e+06
-1.617200012207031250e+02 -5.026000000000000000e+05
-1.543450012207031250e+02 -8.353400000000000000e+05
-1.403730010986328125e+02 3.240000000000000000e+05
-1.563140029907226562e+02 -6.901900000000000000e+05
-2.010299987792968750e+02 2.939000000000000000e+05
-2.191799926757812500e+02 1.771000000000000000e+05
-1.485289993286132812e+02 -9.035720000000000000e+05
-1.425950012207031250e+02 -5.628700000000000000e+05
-6.000000000000000000e+01 -1.000000000000000000e+06
-1.612600021362304688e+02 -6.507500000000000000e+05
-1.307870025634765625e+02 -7.557400000000000000e+05
-6.000000000000000000e+01 -1.000000000000000000e+06
-1.650599975585937500e+02 -4.876800000000000000e+05
-6.000000000000000000e+01 -1.000000000000000000e+06
-6.000000000000000000e+01 -1.000000000000000000e+06
-1.684899978637695312e+02 -6.635500000000000000e+05
-8.431399917602539062e+01 -5.762100000000000000e+05
-6.000000000000000000e+01 -1.000000000000000000e+06
-1.553369979858398438e+02 -8.634400000000000000e+05
-1.080600013732910156e+02 -8.042000000000000000e+04
-6.000000000000000000e+01 -1.000000000000000000e+06
-1.709499969482421875e+02 3.101000000000000000e+05
-6.000000000000000000e+01 -1.000000000000000000e+06
-6.000000000000000000e+01 -1.000000000000000000e+06
-9.270700073242187500e+01 -6.987000000000000000e+05
-1.621800003051757812e+02 -5.952500000000000000e+05
-1.524749984741210938e+02 -4.299700000000000000e+05
-6.000000000000000000e+01 -1.000000000000000000e+06
-1.720599975585937500e+02 -6.672200000000000000e+05
-1.310999984741210938e+02 2.548900000000000000e+06
-6.000000000000000000e+01 -1.000000000000000000e+06
-1.397679977416992188e+02 -7.537700000000000000e+05
-1.147970008850097656e+02 -7.457100000000000000e+05
-1.656999969482421875e+02 -4.306100000000000000e+05
-1.250599975585937500e+02 -5.911900000000000000e+05
-1.627099990844726562e+02 -5.311200000000000000e+05
-1.486859970092773438e+02 -3.474600000000000000e+05
-6.000000000000000000e+01 -1.000000000000000000e+06
-1.599850006103515625e+02 -3.264500000000000000e+05
-1.659199981689453125e+02 -6.698900000000000000e+05
-6.000000000000000000e+01 -1.000000000000000000e+06
-1.987299957275390625e+02 -1.884300000000000000e+05
-6.000000000000000000e+01 -1.000000000000000000e+06
-1.555650024414062500e+02 -7.545200000000000000e+05
-1.455800018310546875e+02 4.395000000000000000e+05
-6.000000000000000000e+01 -1.000000000000000000e+06
-1.521399993896484375e+02 -7.673000000000000000e+05
-1.496029968261718750e+02 -5.641300000000000000e+05
-1.262949981689453125e+02 -7.296800000000000000e+05
-6.000000000000000000e+01 -1.000000000000000000e+06
-5.898360002040863037e+01 -9.618840000000000000e+05
-1.835500030517578125e+02 -5.168100000000000000e+05
-1.540410003662109375e+02 -6.080000000000000000e+05
-6.000000000000000000e+01 -1.000000000000000000e+06
-1.012509994506835938e+02 -7.916800000000000000e+05
-1.857399978637695312e+02 -9.570000000000000000e+04
-1.535579986572265625e+02 -5.730200000000000000e+05
-1.494680023193359375e+02 -8.501800000000000000e+05
-7.792099952697753906e+01 -6.966300000000000000e+05
-1.611699981689453125e+02 -4.483000000000000000e+05
-2.033399963378906250e+02 -2.195900000000000000e+05
-1.790400009155273438e+02 7.040000000000000000e+05
-1.478509979248046875e+02 -8.939400000000000000e+05
-1.076580009460449219e+02 -7.539900000000000000e+05
-6.000000000000000000e+01 -1.000000000000000000e+06
-1.383679962158203125e+02 -4.696400000000000000e+05
-1.727799987792968750e+02 -6.739400000000000000e+05
-1.628799972534179688e+02 9.540000000000000000e+04
-1.229010009765625000e+02 -4.273300000000000000e+05
-1.866200027465820312e+02 -3.246000000000000000e+05
-5.768059992790222168e+01 -9.674510000000000000e+05
-1.548180007934570312e+02 -8.006800000000000000e+05
-9.511600112915039062e+01 -4.416700000000000000e+05
1.040000915527343750e+00 -2.613500000000000000e+05
-6.392820000648498535e+01 -9.684840000000000000e+05
-1.470859985351562500e+02 -9.074250000000000000e+05
-1.678199996948242188e+02 -9.903000000000000000e+04
-9.158300018310546875e+01 4.066000000000000000e+05
-1.568639984130859375e+02 -8.330600000000000000e+05
-6.000000000000000000e+01 -1.000000000000000000e+06
-1.787600021362304688e+02 -4.543800000000000000e+05
-1.579599990844726562e+02 -5.818200000000000000e+05
-1.013870010375976562e+02 -5.922800000000000000e+05
-6.000000000000000000e+01 -1.000000000000000000e+06
-1.574039993286132812e+02 -3.202000000000000000e+05
-6.000000000000000000e+01 -1.000000000000000000e+06
-1.736200027465820312e+02 -5.055100000000000000e+05
-1.483050003051757812e+02 -7.190800000000000000e+05
-6.000000000000000000e+01 -1.000000000000000000e+06
-6.000000000000000000e+01 -1.000000000000000000e+06
-9.822200012207031250e+01 -6.267400000000000000e+05
-1.521760025024414062e+02 -5.339300000000000000e+05
-1.811600036621093750e+02 -2.334700000000000000e+05
-1.973300018310546875e+02 3.460000000000000000e+04
-1.624700012207031250e+02 -4.993600000000000000e+05
-1.457860031127929688e+02 -8.596200000000000000e+05
-1.393379974365234375e+02 5.502000000000000000e+05
-1.798899993896484375e+02 -6.271600000000000000e+05
-1.530630035400390625e+02 -5.132900000000000000e+05
-6.690390014648437500e+01 -9.106100000000000000e+05
-1.946399993896484375e+02 6.201000000000000000e+05
-1.567900009155273438e+02 1.307000000000000000e+05
-6.000000000000000000e+01 -1.000000000000000000e+06
-1.903399963378906250e+02 6.816000000000000000e+05
-1.551480026245117188e+02 -7.398300000000000000e+05
-1.587070007324218750e+02 2.380000000000000000e+05
-1.598420028686523438e+02 -3.495900000000000000e+05
-1.517429962158203125e+02 -5.269600000000000000e+05
-1.629400024414062500e+02 -8.360600000000000000e+05
-1.534950027465820312e+02 -2.946900000000000000e+05
-6.000000000000000000e+01 -1.000000000000000000e+06
-6.000000000000000000e+01 -1.000000000000000000e+06
-1.666500015258789062e+02 -5.043600000000000000e+05
-1.756999969482421875e+02 -5.163800000000000000e+05
-1.508150024414062500e+02 -6.353700000000000000e+05
-1.606999969482421875e+02 -6.686300000000000000e+05
-1.598410034179687500e+02 1.082000000000000000e+05
-1.446900024414062500e+02 -7.020000000000000000e+05
-1.716900024414062500e+02 -4.838500000000000000e+05
-6.000000000000000000e+01 -1.000000000000000000e+06
-1.637799987792968750e+02 -5.235300000000000000e+05
-6.000000000000000000e+01 -1.000000000000000000e+06
-6.000000000000000000e+01 -1.000000000000000000e+06
-1.507220001220703125e+02 -3.832400000000000000e+05
-6.000000000000000000e+01 -1.000000000000000000e+06
-1.620999984741210938e+02 1.709000000000000000e+05
-1.349499969482421875e+02 -6.841500000000000000e+05
-1.427200012207031250e+02 -3.157800000000000000e+05
-1.725000000000000000e+02 -2.009000000000000000e+05
-8.542799949645996094e+01 -4.907200000000000000e+05
-1.890800018310546875e+02 -6.479800000000000000e+05
-6.000000000000000000e+01 -1.000000000000000000e+06
-6.000000000000000000e+01 -1.000000000000000000e+06
-1.986900024414062500e+02 3.374000000000000000e+05
-1.247460021972656250e+02 -8.317800000000000000e+05
-6.000000000000000000e+01 -1.000000000000000000e+06
-1.794199981689453125e+02 -6.158300000000000000e+05
-1.484929962158203125e+02 -6.136400000000000000e+05
-1.405739974975585938e+02 -6.879600000000000000e+05
-1.505670013427734375e+02 -5.785100000000000000e+05
-6.000000000000000000e+01 -1.000000000000000000e+06
-6.000000000000000000e+01 -1.000000000000000000e+06
-1.848000030517578125e+02 -3.512300000000000000e+05
-1.303830032348632812e+02 -6.355600000000000000e+05
-1.528649978637695312e+02 -6.521500000000000000e+05
-1.901300048828125000e+02 -7.447000000000000000e+04
-1.716999969482421875e+02 -6.503200000000000000e+05
-1.670100021362304688e+02 -5.245700000000000000e+05
-1.408850021362304688e+02 -1.250700000000000000e+05
-6.000000000000000000e+01 -1.000000000000000000e+06
-6.000000000000000000e+01 -1.000000000000000000e+06
-1.767799987792968750e+02 -6.412800000000000000e+05
-1.597809982299804688e+02 -3.673600000000000000e+05
-6.764659976959228516e+01 -8.050200000000000000e+05
-1.389550018310546875e+02 -5.339100000000000000e+05
-1.480080032348632812e+02 -8.755400000000000000e+05
-1.927100067138671875e+02 7.870000000000000000e+04
1.157200012207031250e+02 4.173000000000000000e+05
-6.000000000000000000e+01 -1.000000000000000000e+06
-6.000000000000000000e+01 -1.000000000000000000e+06
-4.970499992370605469e+01 -9.207120000000000000e+05
-1.586309967041015625e+02 6.937000000000000000e+05
-1.527060012817382812e+02 -8.605800000000000000e+05
-1.875000000000000000e+02 -1.816000000000000000e+05
-1.695599975585937500e+02 -3.479000000000000000e+05
-1.593300018310546875e+02 -5.649000000000000000e+04
-1.637200012207031250e+02 -7.755800000000000000e+05
-1.692300033569335938e+02 -2.354800000000000000e+05
-8.213500022888183594e+01 -6.170500000000000000e+05
-1.680299987792968750e+02 -4.195200000000000000e+05
-1.664100036621093750e+02 -4.101200000000000000e+05
-1.441119995117187500e+02 -5.875300000000000000e+05
-1.658199996948242188e+02 -1.910300000000000000e+05
-1.579670028686523438e+02 7.020000000000000000e+04
-1.474919967651367188e+02 -8.031100000000000000e+05
-6.000000000000000000e+01 -1.000000000000000000e+06
-1.788399963378906250e+02 -4.111800000000000000e+05
-6.000000000000000000e+01 -1.000000000000000000e+06
-1.728000030517578125e+02 -5.949300000000000000e+05
-6.000000000000000000e+01 -1.000000000000000000e+06
-1.565250015258789062e+02 -9.458490000000000000e+05
-1.758899993896484375e+02 -4.244300000000000000e+05
-6.000000000000000000e+01 -1.000000000000000000e+06
-1.528300018310546875e+02 -6.834800000000000000e+05
-1.604800033569335938e+02 8.410000000000000000e+04
-6.000000000000000000e+01 -1.000000000000000000e+06
-6.000000000000000000e+01 -1.000000000000000000e+06
-1.883600006103515625e+02 -4.736000000000000000e+05
-1.556409988403320312e+02 -5.969500000000000000e+05
-1.834199981689453125e+02 5.676000000000000000e+05
-6.294260001182556152e+01 -9.609220000000000000e+05
-1.477610015869140625e+02 2.733000000000000000e+05
-1.586179962158203125e+02 -7.964800000000000000e+05
-6.000000000000000000e+01 -1.000000000000000000e+06
-1.730100021362304688e+02 -6.929000000000000000e+05
-1.909900054931640625e+02 -3.889800000000000000e+05
-2.016300048828125000e+02 7.600000000000000000e+05
-6.000000000000000000e+01 -1.000000000000000000e+06
-1.359599990844726562e+02 -1.904900000000000000e+05
-6.000000000000000000e+01 -1.000000000000000000e+06
-8.072400093078613281e+01 -8.998800000000000000e+05
-6.000000000000000000e+01 -1.000000000000000000e+06
-1.470609970092773438e+02 -7.275600000000000000e+05
-1.507070007324218750e+02 -8.899700000000000000e+05
-1.117060012817382812e+02 3.616000000000000000e+05
-6.000000000000000000e+01 -1.000000000000000000e+06
-3.742600059509277344e+01 -9.453560000000000000e+05
-1.730000000000000000e+02 -5.532000000000000000e+04
-1.574570007324218750e+02 -4.834000000000000000e+05
-1.636299972534179688e+02 5.504000000000000000e+05
-6.000000000000000000e+01 -1.000000000000000000e+06
-1.519810028076171875e+02 -8.196900000000000000e+05
-2.103600006103515625e+02 1.388400000000000000e+06
-1.980899963378906250e+02 4.721000000000000000e+05
-1.420599975585937500e+02 -7.559600000000000000e+05
-6.000000000000000000e+01 -1.000000000000000000e+06
-1.871600036621093750e+02 -5.920500000000000000e+05
-1.618000030517578125e+02 7.463000000000000000e+05
-1.683799972534179688e+02 -8.617100000000000000e+05
-1.921799926757812500e+02 -3.137100000000000000e+05
-1.602600021362304688e+02 -7.415600000000000000e+05
-1.009650001525878906e+02 -4.030800000000000000e+05
-1.642500000000000000e+02 -6.203400000000000000e+05
-6.804269981384277344e+01 -8.175400000000000000e+05
-1.611500015258789062e+02 -5.028000000000000000e+05
-6.000000000000000000e+01 -1.000000000000000000e+06
-6.000000000000000000e+01 -1.000000000000000000e+06
-1.479680023193359375e+02 -6.906000000000000000e+05
-6.000000000000000000e+01 -1.000000000000000000e+06
-1.939100036621093750e+02 -2.072500000000000000e+05
-6.000000000000000000e+01 -1.000000000000000000e+06
-1.986100006103515625e+02 -4.657800000000000000e+05
-1.464309997558593750e+02 -6.291400000000000000e+05
-1.461200027465820312e+02 -7.815300000000000000e+05
-1.746699981689453125e+02 -4.595300000000000000e+05
-2.006000061035156250e+02 -6.583500000000000000e+05
-1.349580001831054688e+02 1.620000000000000000e+05
-6.383710002899169922e+01 -8.430800000000000000e+05
-1.386949996948242188e+02 -6.333400000000000000e+05
-1.589029998779296875e+02 -4.104300000000000000e+05
-1.815699996948242188e+02 -2.565500000000000000e+05
-1.297490005493164062e+02 -4.367100000000000000e+05
-6.000000000000000000e+01 -1.000000000000000000e+06
-1.570449981689453125e+02 -2.336500000000000000e+05
-1.704599990844726562e+02 -3.382900000000000000e+05
-1.065810012817382812e+02 -4.839900000000000000e+05
-6.000000000000000000e+01 -1.000000000000000000e+06
-1.789800033569335938e+02 -7.129900000000000000e+05
-1.433219985961914062e+02 -3.132800000000000000e+05
-1.813000030517578125e+02 -6.662800000000000000e+05
-1.674400024414062500e+02 -3.494600000000000000e+05
-1.482580032348632812e+02 -6.373200000000000000e+05
-1.625800018310546875e+02 -2.335100000000000000e+05
-1.911000061035156250e+02 4.481000000000000000e+05
-2.756000137329101562e+01 -9.621840000000000000e+05
-1.463929977416992188e+02 -8.909900000000000000e+05
-1.973999938964843750e+02 -3.142900000000000000e+05
-1.490540008544921875e+02 -7.071700000000000000e+05
-6.000000000000000000e+01 -1.000000000000000000e+06
-1.431859970092773438e+02 -3.406600000000000000e+05
-6.000000000000000000e+01 -1.000000000000000000e+06
-1.654700012207031250e+02 7.934000000000000000e+05
-1.656200027465820312e+02 -4.640200000000000000e+05
-6.000000000000000000e+01 -1.000000000000000000e+06
-1.506849975585937500e+02 -8.089600000000000000e+05
-1.733600006103515625e+02 -2.746800000000000000e+05
-6.000000000000000000e+01 -1.000000000000000000e+06
-6.000000000000000000e+01 -1.000000000000000000e+06
-1.834599990844726562e+02 -5.796600000000000000e+05
-1.794400024414062500e+02 -4.230000000000000000e+05
-1.388119964599609375e+02 -7.068600000000000000e+05
-6.000000000000000000e+01 -1.000000000000000000e+06
-1.778499984741210938e+02 -5.785400000000000000e+05
-9.813499832153320312e+01 -8.741700000000000000e+05
-1.382030029296875000e+02 -2.330700000000000000e+05
-1.482249984741210938e+02 -5.834400000000000000e+05
-1.663199996948242188e+02 -4.765000000000000000e+04
-1.563440017700195312e+02 4.421000000000000000e+05
-6.000000000000000000e+01 -1.000000000000000000e+06
-1.624899978637695312e+02 5.698000000000000000e+05
-1.750999984741210938e+02 -8.699700000000000000e+05
-2.021600036621093750e+02 2.540000000000000000e+04
-1.588499984741210938e+02 -7.567800000000000000e+05
-6.000000000000000000e+01 -1.000000000000000000e+06
-1.728099975585937500e+02 -4.119500000000000000e+05
-6.000000000000000000e+01 -1.000000000000000000e+06
-1.514649963378906250e+02 -7.031500000000000000e+05
-1.752099990844726562e+02 -6.814700000000000000e+05
-6.000000000000000000e+01 -1.000000000000000000e+06
-6.000000000000000000e+01 -1.000000000000000000e+06
-6.502570009231567383e+01 -8.796800000000000000e+05
-1.507020034790039062e+02 -7.003900000000000000e+05
-1.757200012207031250e+02 -2.725000000000000000e+05
-5.870659995079040527e+01 -8.008800000000000000e+05
-1.759800033569335938e+02 -7.830200000000000000e+05
-6.000000000000000000e+01 -1.000000000000000000e+06
-1.539980010986328125e+02 -5.567200000000000000e+05
-1.779100036621093750e+02 9.540000000000000000e+04
-1.524810028076171875e+02 -8.832900000000000000e+05
-1.624599990844726562e+02 -1.218200000000000000e+05
-1.491920013427734375e+02 -6.905500000000000000e+05
-6.000000000000000000e+01 -1.000000000000000000e+06
-6.000000000000000000e+01 -1.000000000000000000e+06
-6.000000000000000000e+01 -1.000000000000000000e+06
-6.000000000000000000e+01 -1.000000000000000000e+06
-2.011499938964843750e+02 -2.753000000000000000e+05
-1.094010009765625000e+02 -3.233000000000000000e+04
-1.239910011291503906e+02 -7.793300000000000000e+05
-5.856350004673004150e+01 -9.004620000000000000e+05
-1.680400009155273438e+02 1.795700000000000000e+06
-6.000000000000000000e+01 -1.000000000000000000e+06
-1.639599990844726562e+02 -1.868400000000000000e+05
-1.840699996948242188e+02 -8.730400000000000000e+05
-1.500490036010742188e+02 -6.029800000000000000e+05
-2.476900100708007812e+01 -5.411400000000000000e+05
-6.000000000000000000e+01 -1.000000000000000000e+06
-1.446940002441406250e+02 -8.630400000000000000e+05
-1.789400024414062500e+02 4.925000000000000000e+05
-3.740500068664550781e+01 -9.689980000000000000e+05
-2.110000000000000000e+02 -6.351600000000000000e+05
-1.577649993896484375e+02 -1.313200000000000000e+05
-2.534999847412109375e+01 -9.032340000000000000e+05
-6.000000000000000000e+01 -1.000000000000000000e+06
-1.472279968261718750e+02 -8.349000000000000000e+05
-1.544020004272460938e+02 5.924000000000000000e+05
-1.187239990234375000e+02 -5.645600000000000000e+05
-1.534749984741210938e+02 -7.684800000000000000e+05
-6.000000000000000000e+01 -1.000000000000000000e+06
-6.000000000000000000e+01 -1.000000000000000000e+06
-1.699499969482421875e+02 -3.425300000000000000e+05
-6.000000000000000000e+01 -1.000000000000000000e+06
-6.000000000000000000e+01 -1.000000000000000000e+06
-1.698799972534179688e+02 -5.927500000000000000e+05
-1.015800094604492188e+01 -8.847600000000000000e+05
-1.935399932861328125e+02 -3.565300000000000000e+05
-7.082100009918212891e+01 -8.668700000000000000e+05
-5.875010001659393311e+01 -9.529280000000000000e+05
-1.900899963378906250e+02 2.856000000000000000e+05
-1.526920013427734375e+02 -7.757600000000000000e+05
-1.899400024414062500e+02 -2.330600000000000000e+05
-1.530000000000000000e+02 -4.506400000000000000e+05
-1.560130004882812500e+02 -4.244600000000000000e+05
-1.553880004882812500e+02 -5.268900000000000000e+05
-9.806499862670898438e+01 -6.048800000000000000e+05
-9.140699958801269531e+01 -6.524900000000000000e+05
-1.544499969482421875e+02 -6.048100000000000000e+05
-1.896999969482421875e+02 -7.439300000000000000e+05
-1.543170013427734375e+02 -8.734200000000000000e+05
-1.683099975585937500e+02 3.416000000000000000e+05
-1.735500030517578125e+02 -4.778800000000000000e+05
-1.614899978637695312e+02 -6.556300000000000000e+05
-1.930099945068359375e+02 -2.287700000000000000e+05
-1.519440002441406250e+02 -4.442200000000000000e+05
-1.664899978637695312e+02 -7.106800000000000000e+05
-1.580090026855468750e+02 -2.108600000000000000e+05
-1.539889984130859375e+02 -3.511200000000000000e+05
-1.777500000000000000e+02 -4.246000000000000000e+04
-1.068950004577636719e+02 -7.998000000000000000e+05
-1.558750000000000000e+02 -7.214800000000000000e+05
-6.000000000000000000e+01 -1.000000000000000000e+06
-1.632399978637695312e+02 -2.776000000000000000e+04
1.312599945068359375e+01 -8.571700000000000000e+05
-5.807229995727539062e+01 -9.726040000000000000e+05
-1.659700012207031250e+02 -6.255900000000000000e+05
-1.799599990844726562e+02 -9.245000000000000000e+04
-2.108099975585937500e+02 7.925000000000000000e+05
-6.000000000000000000e+01 -1.000000000000000000e+06
-1.426760025024414062e+02 -7.173200000000000000e+05
-1.678300018310546875e+02 -2.710900000000000000e+05
-6.000000000000000000e+01 -1.000000000000000000e+06
-6.000000000000000000e+01 -1.000000000000000000e+06
-1.546389999389648438e+02 -5.551300000000000000e+05
-1.661699981689453125e+02 -2.555700000000000000e+05
-6.000000000000000000e+01 -1.000000000000000000e+06
-1.761800003051757812e+02 -5.984500000000000000e+05
-6.000000000000000000e+01 -1.000000000000000000e+06
-1.517610015869140625e+02 -7.135500000000000000e+05
-6.000000000000000000e+01 -1.000000000000000000e+06
-1.712600021362304688e+02 -7.812100000000000000e+05
-1.667399978637695312e+02 -4.672400000000000000e+05
-1.666500015258789062e+02 -1.838600000000000000e+05
-1.700199966430664062e+02 1.195000000000000000e+05
-1.503010025024414062e+02 -7.978800000000000000e+05
-1.483099975585937500e+02 4.792000000000000000e+05
-1.585790023803710938e+02 -8.084900000000000000e+05
-6.000000000000000000e+01 -1.000000000000000000e+06
-6.000000000000000000e+01 -1.000000000000000000e+06
-1.496910018920898438e+02 -5.573000000000000000e+05
-1.583830032348632812e+02 -1.801100000000000000e+05
-1.969299926757812500e+02 -2.840100000000000000e+05
-1.056030006408691406e+02 -8.284200000000000000e+05
-6.000000000000000000e+01 -1.000000000000000000e+06
-1.487519989013671875e+02 -5.062900000000000000e+05
-6.000000000000000000e+01 -1.000000000000000000e+06
-5.131550025939941406e+01 -9.741690000000000000e+05
-1.522539978027343750e+02 -8.157200000000000000e+05
-1.874300003051757812e+02 4.588000000000000000e+05
-1.847300033569335938e+02 2.263000000000000000e+05
-6.000000000000000000e+01 -1.000000000000000000e+06
-1.198359985351562500e+02 -5.393200000000000000e+05
-6.000000000000000000e+01 -1.000000000000000000e+06
-1.857699966430664062e+02 -6.286700000000000000e+05
-1.551439971923828125e+02 -4.932700000000000000e+05
-1.491460037231445312e+02 -8.008300000000000000e+05
-1.947799987792968750e+02 4.060000000000000000e+05
-2.101600036621093750e+02 1.275600000000000000e+06
-1.489970016479492188e+02 -7.869900000000000000e+05
-6.000000000000000000e+01 -1.000000000000000000e+06
-1.978399963378906250e+02 -5.486600000000000000e+05
-1.484800033569335938e+02 -7.278600000000000000e+05
-1.558209991455078125e+02 -3.605100000000000000e+05
-1.408599853515625000e+01 -8.747300000000000000e+05
-6.000000000000000000e+01 -1.000000000000000000e+06
-6.000000000000000000e+01 -1.000000000000000000e+06
-1.313590011596679688e+02 -7.404200000000000000e+05
-1.681399993896484375e+02 -2.088800000000000000e+05
-1.855899963378906250e+02 -9.401810000000000000e+05
-2.158399963378906250e+02 -5.485400000000000000e+05
-6.000000000000000000e+01 -1.000000000000000000e+06
-6.000000000000000000e+01 -1.000000000000000000e+06
-1.775299987792968750e+02 1.144800000000000000e+06
-1.008219985961914062e+02 -9.104000000000000000e+04
-1.464029998779296875e+02 -7.299000000000000000e+05
-1.523320007324218750e+02 -7.561200000000000000e+05
-1.843799972534179688e+02 -6.487700000000000000e+05
-1.394160003662109375e+02 1.684000000000000000e+05
-6.000000000000000000e+01 -1.000000000000000000e+06
-1.851900024414062500e+02 -6.312900000000000000e+05
-6.000000000000000000e+01 -1.000000000000000000e+06
-1.595459976196289062e+02 -7.684600000000000000e+05
-7.478800010681152344e+01 -7.563600000000000000e+05
-6.000000000000000000e+01 -1.000000000000000000e+06
-1.709599990844726562e+02 -2.472100000000000000e+05
-1.550970001220703125e+02 -6.682700000000000000e+05
-1.591350021362304688e+02 -5.289800000000000000e+05
-1.504469985961914062e+02 -8.840200000000000000e+05
-6.000000000000000000e+01 -1.000000000000000000e+06
-1.458919982910156250e+02 -5.255200000000000000e+05
-6.686070013046264648e+01 -9.063140000000000000e+05
-1.630100021362304688e+02 -1.087200000000000000e+05
-1.401920013427734375e+02 -6.946200000000000000e+05
-1.486520004272460938e+02 -6.334900000000000000e+05
-6.000000000000000000e+01 -1.000000000000000000e+06
-1.631999969482421875e+02 -7.318100000000000000e+05
-6.000000000000000000e+01 -1.000000000000000000e+06
2.255699920654296875e+01 -9.262890000000000000e+05
-9.425600051879882812e+01 -8.612700000000000000e+05
-1.539700012207031250e+02 -6.097200000000000000e+05
-1.407089996337890625e+02 -4.756800000000000000e+05
-6.000000000000000000e+01 -1.000000000000000000e+06
-1.344469985961914062e+02 -9.050090000000000000e+05
-9.368399810791015625e+01 -7.762900000000000000e+05
-1.651699981689453125e+02 1.907900000000000000e+06
-1.875500030517578125e+02 1.121400000000000000e+06
-1.519029998779296875e+02 -9.082530000000000000e+05
-6.000000000000000000e+01 -1.000000000000000000e+06
-1.869400024414062500e+02 -4.044800000000000000e+05
-1.633300018310546875e+02 -1.123700000000000000e+05
-1.525490036010742188e+02 -8.359200000000000000e+05
-9.617300033569335938e+01 -4.077700000000000000e+05
-1.719400024414062500e+02 -4.131700000000000000e+05
-1.558899993896484375e+02 -4.988300000000000000e+05
-1.816800003051757812e+02 -2.684000000000000000e+05
-1.592639999389648438e+02 -5.559300000000000000e+05
-1.707399978637695312e+02 -1.692600000000000000e+05
-1.557789993286132812e+02 -4.929800000000000000e+05
-5.500509977340698242e+01 -8.788300000000000000e+05
-6.000000000000000000e+01 -1.000000000000000000e+06
-6.000000000000000000e+01 -1.000000000000000000e+06
-1.734800033569335938e+02 -2.604400000000000000e+05
-1.770699996948242188e+02 -5.486800000000000000e+05
-5.440700006484985352e+01 -9.477070000000000000e+05
-1.442330017089843750e+02 -4.170200000000000000e+05
-2.020800018310546875e+02 3.224000000000000000e+05
-1.611900024414062500e+02 -6.928800000000000000e+05
-6.000000000000000000e+01 -1.000000000000000000e+06
-6.000000000000000000e+01 -1.000000000000000000e+06
-2.110599975585937500e+02 2.289000000000000000e+05
-6.000000000000000000e+01 -1.000000000000000000e+06
-1.283489990234375000e+02 -1.959200000000000000e+05
-1.680100021362304688e+02 -6.277000000000000000e+05
-6.000000000000000000e+01 -1.000000000000000000e+06
-1.863799972534179688e+02 -8.357400000000000000e+05
-1.506600036621093750e+02 -5.183100000000000000e+05
-1.790400009155273438e+02 -5.272300000000000000e+05
-1.333460006713867188e+02 -7.863800000000000000e+05
-6.000000000000000000e+01 -1.000000000000000000e+06
-2.000099945068359375e+02 -7.632000000000000000e+04
-1.505520019531250000e+02 -6.006400000000000000e+05
-9.486100006103515625e+01 -8.035700000000000000e+05
-1.543700027465820312e+02 -3.839200000000000000e+05
-6.000000000000000000e+01 -1.000000000000000000e+06
-1.772200012207031250e+02 -4.158000000000000000e+05
-1.394100036621093750e+02 1.033000000000000000e+05
-6.000000000000000000e+01 -1.000000000000000000e+06
-1.360419998168945312e+02 -1.226000000000000000e+04
-1.598600006103515625e+02 -8.521800000000000000e+05
-1.786399993896484375e+02 8.841000000000000000e+05
-1.600699996948242188e+02 -8.414700000000000000e+05
-6.000000000000000000e+01 -1.000000000000000000e+06
-1.764300003051757812e+02 -6.551700000000000000e+05
-1.874800033569335938e+02 -3.304500000000000000e+05
-1.500839996337890625e+02 -4.147800000000000000e+05
-6.000000000000000000e+01 -1.000000000000000000e+06
-2.007400054931640625e+02 -7.941200000000000000e+05
-1.634000015258789062e+02 -6.998900000000000000e+05
-1.733099975585937500e+02 -4.056900000000000000e+05
-1.555510025024414062e+02 -6.450200000000000000e+05
-1.343539962768554688e+02 -4.331600000000000000e+05
-1.637399978637695312e+02 8.818000000000000000e+05
-1.589810028076171875e+02 -6.490000000000000000e+05
-1.379039993286132812e+02 -1.293000000000000000e+04
-1.527630004882812500e+02 -8.869900000000000000e+05
-2.064900054931640625e+02 -1.252800000000000000e+05
-6.813999176025390625e+00 -9.751920000000000000e+05
-1.627799987792968750e+02 -4.175200000000000000e+05
-1.907299957275390625e+02 4.925000000000000000e+05
-1.711999969482421875e+02 -4.929300000000000000e+05
-7.115499973297119141e+01 -7.804500000000000000e+05
-6.000000000000000000e+01 -1.000000000000000000e+06
-1.803700027465820312e+02 2.038000000000000000e+05
-6.000000000000000000e+01 -1.000000000000000000e+06
-1.141279983520507812e+02 -5.570900000000000000e+05
-5.375740003585815430e+01 -9.615990000000000000e+05
-6.000000000000000000e+01 -1.000000000000000000e+06
-1.938699951171875000e+02 -2.377000000000000000e+04
-1.487300033569335938e+02 -6.575700000000000000e+05
-2.060399932861328125e+02 -1.662000000000000000e+04
-1.403929977416992188e+02 -4.035100000000000000e+05
-6.000000000000000000e+01 -1.000000000000000000e+06
-1.513980026245117188e+02 -7.962300000000000000e+05
-5.017199993133544922e+01 -9.281370000000000000e+05
-6.000000000000000000e+01 -1.000000000000000000e+06
-6.000000000000000000e+01 -1.000000000000000000e+06
-6.000000000000000000e+01 -1.000000000000000000e+06
-1.622799987792968750e+02 -3.874500000000000000e+05
-1.510220031738281250e+02 -6.505300000000000000e+05
-1.660500030517578125e+02 -1.344200000000000000e+05
-6.000000000000000000e+01 -1.000000000000000000e+06
-1.241129989624023438e+02 -2.096200000000000000e+05
-6.000000000000000000e+01 -1.000000000000000000e+06
-1.820000000000000000e+02 1.132700000000000000e+06
-1.531399993896484375e+02 -9.221680000000000000e+05
2.421299743652343750e+01 -9.801700000000000000e+05
-6.000000000000000000e+01 -1.000000000000000000e+06
-6.000000000000000000e+01 -1.000000000000000000e+06
-1.511449966430664062e+02 -8.074200000000000000e+05
-6.000000000000000000e+01 -1.000000000000000000e+06
-1.629400024414062500e+02 4.288100000000000000e+06
-1.625599975585937500e+02 -5.024900000000000000e+05
-6.000000000000000000e+01 -1.000000000000000000e+06
-1.472220001220703125e+02 -7.280100000000000000e+05
-1.976600036621093750e+02 -5.738300000000000000e+05
-1.525130004882812500e+02 -6.426700000000000000e+05
-1.533619995117187500e+02 -6.687300000000000000e+05
-3.941200065612792969e+01 -9.283770000000000000e+05
-6.000000000000000000e+01 -1.000000000000000000e+06
-1.362929992675781250e+02 -4.488400000000000000e+05
-1.221679992675781250e+02 -4.392900000000000000e+05
-1.291679992675781250e+02 4.472000000000000000e+05
-1.489449996948242188e+02 -7.852900000000000000e+05
-6.000000000000000000e+01 -1.000000000000000000e+06
-2.194499969482421875e+02 -5.964100000000000000e+05
-6.000000000000000000e+01 -1.000000000000000000e+06
-6.000000000000000000e+01 -1.000000000000000000e+06
-1.434800033569335938e+02 -5.586900000000000000e+05
-9.145999908447265625e+00 -8.956400000000000000e+05
-2.004100036621093750e+02 -7.341400000000000000e+05
-1.569990005493164062e+02 -5.284700000000000000e+05
-2.082799987792968750e+02 -2.983400000000000000e+05
-6.000000000000000000e+01 -1.000000000000000000e+06
-6.000000000000000000e+01 -1.000000000000000000e+06
-1.707099990844726562e+02 -2.841000000000000000e+05
-1.400950012207031250e+02 -5.224900000000000000e+05
-6.000000000000000000e+01 -1.000000000000000000e+06
-1.547310028076171875e+02 -6.416500000000000000e+05
-2.124100036621093750e+02 -2.198500000000000000e+05
-1.653799972534179688e+02 -4.238200000000000000e+05
-2.033899993896484375e+02 -3.494400000000000000e+05
-1.468310012817382812e+02 -6.907600000000000000e+05
-1.433809967041015625e+02 -4.998000000000000000e+04
-1.395220031738281250e+02 2.780000000000000000e+04
-1.575749969482421875e+02 -6.730800000000000000e+05
-2.079600067138671875e+02 -1.145400000000000000e+05
-1.574899978637695312e+02 -6.394000000000000000e+05
-6.000000000000000000e+01 -1.000000000000000000e+06
-1.512959976196289062e+02 -8.121700000000000000e+05
-1.518430023193359375e+02 1.950000000000000000e+04
-2.304700012207031250e+02 -3.748700000000000000e+05
-2.209700012207031250e+02 8.008000000000000000e+05
-1.757900009155273438e+02 -5.773300000000000000e+05
-6.000000000000000000e+01 -1.000000000000000000e+06
-1.766999969482421875e+02 -8.130900000000000000e+05
-6.000000000000000000e+01 -1.000000000000000000e+06
-6.000000000000000000e+01 -1.000000000000000000e+06
-1.471480026245117188e+02 -6.989100000000000000e+05
-1.952100067138671875e+02 -1.281400000000000000e+05
-1.545429992675781250e+02 -4.394300000000000000e+05
-6.000000000000000000e+01 -1.000000000000000000e+06
-2.214100036621093750e+02 -4.250700000000000000e+05
-1.460100021362304688e+02 2.233000000000000000e+05
-1.442659988403320312e+02 -7.554600000000000000e+05
-1.529990005493164062e+02 -2.618400000000000000e+05
-1.846399993896484375e+02 -4.623400000000000000e+05
-6.000000000000000000e+01 -1.000000000000000000e+06
-2.073000030517578125e+02 6.992000000000000000e+05
-1.460940017700195312e+02 -6.796400000000000000e+05
-1.507320022583007812e+02 -1.154500000000000000e+05
-1.614100036621093750e+02 -6.900200000000000000e+05
-1.440260009765625000e+02 -1.544700000000000000e+05
-1.756699981689453125e+02 -7.913800000000000000e+05
-1.966999969482421875e+02 -4.361300000000000000e+05
-1.256060028076171875e+02 -3.575200000000000000e+05
-1.670299987792968750e+02 -1.959500000000000000e+05
-1.500029983520507812e+02 -4.747300000000000000e+05
-6.000000000000000000e+01 -1.000000000000000000e+06
-1.841200027465820312e+02 -2.509500000000000000e+05
-1.420599975585937500e+02 -2.801300000000000000e+05
-1.458030014038085938e+02 -7.893200000000000000e+05
-6.000000000000000000e+01 -1.000000000000000000e+06
-6.000000000000000000e+01 -1.000000000000000000e+06
-1.490370025634765625e+02 -4.889000000000000000e+04
-1.834800033569335938e+02 -6.669600000000000000e+05
-9.893399810791015625e+01 -1.386600000000000000e+05
-6.000000000000000000e+01 -1.000000000000000000e+06
-1.569599990844726562e+02 -8.159800000000000000e+05
-1.584499969482421875e+02 -3.916600000000000000e+05
-6.000000000000000000e+01 -1.000000000000000000e+06
-1.810899963378906250e+02 1.333000000000000000e+05
-6.000000000000000000e+01 -1.000000000000000000e+06
-1.437009963989257812e+02 -7.449900000000000000e+05
-1.617300033569335938e+02 -7.551000000000000000e+05
-1.545049972534179688e+02 -4.421900000000000000e+05
-1.386200027465820312e+02 -5.955400000000000000e+05
-1.402890014648437500e+02 -6.804300000000000000e+05
-1.646100006103515625e+02 -5.395500000000000000e+05
-1.760100021362304688e+02 -1.500300000000000000e+05
-1.682600021362304688e+02 1.384100000000000000e+06
-1.628899993896484375e+02 -7.317500000000000000e+05
-3.257200050354003906e+01 -9.025840000000000000e+05
-6.000000000000000000e+01 -1.000000000000000000e+06
-1.618099975585937500e+02 4.812000000000000000e+05
-1.540950012207031250e+02 -7.549800000000000000e+05
-5.770510005950927734e+01 -8.799900000000000000e+05
-1.661600036621093750e+02 -3.945500000000000000e+05
-1.508470001220703125e+02 -4.102300000000000000e+05
-9.684400177001953125e+01 -9.146810000000000000e+05
-1.610699996948242188e+02 -5.740800000000000000e+05
-1.371210021972656250e+02 -2.605400000000000000e+05
-1.728899993896484375e+02 -4.373400000000000000e+05
-1.591320037841796875e+02 -7.527800000000000000e+05
-1.321480026245117188e+02 -7.617800000000000000e+05
-1.624899978637695312e+02 -1.257100000000000000e+05
-6.000000000000000000e+01 -1.000000000000000000e+06
-1.503109970092773438e+02 -8.810600000000000000e+05
-1.552330017089843750e+02 1.660000000000000000e+05
-1.815599975585937500e+02 -4.580900000000000000e+05
-1.441460037231445312e+02 -7.537200000000000000e+05
-6.000000000000000000e+01 -1.000000000000000000e+06
-6.000000000000000000e+01 -1.000000000000000000e+06
-2.095399932861328125e+02 2.306000000000000000e+05
-1.693700027465820312e+02 -8.271000000000000000e+04
-2.077100067138671875e+02 -3.705000000000000000e+05
-1.668000030517578125e+02 1.417000000000000000e+05
-6.000000000000000000e+01 -1.000000000000000000e+06
-1.851299972534179688e+02 -1.613100000000000000e+05
-1.509759979248046875e+02 -6.779000000000000000e+05
-6.000000000000000000e+01 -1.000000000000000000e+06
-1.529339981079101562e+02 -7.288700000000000000e+05
-6.000000000000000000e+01 -1.000000000000000000e+06
-1.490680007934570312e+02 -9.390270000000000000e+05
-3.840699958801269531e+01 -9.019810000000000000e+05
-1.821200027465820312e+02 -3.079200000000000000e+05
-1.472669982910156250e+02 -7.315700000000000000e+05
-6.000000000000000000e+01 -1.000000000000000000e+06
-1.619300003051757812e+02 -4.175600000000000000e+05
-1.447330017089843750e+02 -3.293100000000000000e+05
-1.491559982299804688e+02 1.365700000000000000e+06
-6.000000000000000000e+01 -1.000000000000000000e+06
-6.000000000000000000e+01 -1.000000000000000000e+06
-6.000000000000000000e+01 -1.000000000000000000e+06
-6.000000000000000000e+01 -1.000000000000000000e+06
-1.465920028686523438e+02 -7.392500000000000000e+05
-1.450879974365234375e+02 -7.242700000000000000e+05
-6.000000000000000000e+01 -1.000000000000000000e+06
-1.851200027465820312e+02 -6.407400000000000000e+05
-1.536110000610351562e+02 -5.788800000000000000e+05
-1.518130035400390625e+02 -6.996200000000000000e+05
-1.834300003051757812e+02 -2.461100000000000000e+05
-6.000000000000000000e+01 -1.000000000000000000e+06
-1.592020034790039062e+02 -5.793100000000000000e+05
-1.736100006103515625e+02 -4.537700000000000000e+05
-1.823000030517578125e+02 -8.851000000000000000e+04
-8.129599952697753906e+01 -5.229500000000000000e+05
-6.000000000000000000e+01 -1.000000000000000000e+06
-1.466900024414062500e+02 -8.091700000000000000e+05
-1.494390029907226562e+02 -6.637300000000000000e+05
-1.767699966430664062e+02 -1.529500000000000000e+05
-1.608700027465820312e+02 -8.272900000000000000e+05
-1.465429992675781250e+02 -5.103900000000000000e+05
-6.000000000000000000e+01 -1.000000000000000000e+06
-9.248199844360351562e+01 1.550300000000000000e+06
-1.573949966430664062e+02 -8.577500000000000000e+05
-1.723499984741210938e+02 -6.374300000000000000e+05
-6.000000000000000000e+01 -1.000000000000000000e+06
-1.677900009155273438e+02 -6.825500000000000000e+05
-1.060279998779296875e+02 -5.159400000000000000e+05
-1.490270004272460938e+02 -7.964700000000000000e+05
-1.796900024414062500e+02 1.046100000000000000e+06
-6.000000000000000000e+01 -1.000000000000000000e+06
-6.000000000000000000e+01 -1.000000000000000000e+06
-1.638000030517578125e+02 9.320000000000000000e+04
-6.000000000000000000e+01 -1.000000000000000000e+06
-1.469499969482421875e+02 -6.455000000000000000e+05
-6.000000000000000000e+01 -1.000000000000000000e+06
-6.268409991264343262e+01 -8.823100000000000000e+05
-1.777600021362304688e+02 -6.489000000000000000e+04
-1.877399978637695312e+02 -4.047300000000000000e+05
-1.594889984130859375e+02 -7.699000000000000000e+04
-1.643499984741210938e+02 -5.588400000000000000e+05
-1.580979995727539062e+02 -2.010800000000000000e+05
-1.730800018310546875e+02 -3.672000000000000000e+05
-1.391190032958984375e+02 -7.087000000000000000e+05
-6.000000000000000000e+01 -1.000000000000000000e+06
-1.992899932861328125e+02 -2.905300000000000000e+05
-1.732500000000000000e+02 -3.652400000000000000e+05
-8.836800003051757812e+01 -6.184100000000000000e+05
-6.000000000000000000e+01 -1.000000000000000000e+06
-1.505820007324218750e+02 -9.231120000000000000e+05
-6.000000000000000000e+01 -1.000000000000000000e+06
-6.000000000000000000e+01 -1.000000000000000000e+06
-1.803499984741210938e+02 -6.486600000000000000e+05
-1.652399978637695312e+02 -3.313300000000000000e+05
-1.841500015258789062e+02 1.489600000000000000e+06
-5.292170000076293945e+01 -9.433000000000000000e+05
-1.787399978637695312e+02 1.196000000000000000e+05
-6.000000000000000000e+01 -1.000000000000000000e+06
-1.989499969482421875e+02 1.071000000000000000e+05
-1.187690010070800781e+02 -8.767700000000000000e+05
-1.846200027465820312e+02 -1.360000000000000000e+04
-1.579449996948242188e+02 -5.262900000000000000e+05
-1.832300033569335938e+02 -2.138000000000000000e+04
-1.461940002441406250e+02 -7.805600000000000000e+05
-1.160830001831054688e+02 -8.819600000000000000e+05
-1.629300003051757812e+02 -2.473900000000000000e+05
-6.000000000000000000e+01 -1.000000000000000000e+06
-8.371500015258789062e+01 -9.108160000000000000e+05
-6.000000000000000000e+01 -1.000000000000000000e+06
-1.933899993896484375e+02 -3.049400000000000000e+05
-1.597009963989257812e+02 1.830000000000000000e+06
-1.616699981689453125e+02 -7.248900000000000000e+05
-6.000000000000000000e+01 -1.000000000000000000e+06
-5.829920005798339844e+01 -8.943400000000000000e+05
-4.357500076293945312e+01 -8.858600000000000000e+05
-1.654899978637695312e+02 -4.619500000000000000e+05
-1.565299987792968750e+02 -3.640400000000000000e+05
-6.000000000000000000e+01 -1.000000000000000000e+06
-1.567220001220703125e+02 -3.245100000000000000e+05
-1.511620025634765625e+02 -7.341500000000000000e+05
-1.610199966430664062e+02 -4.517900000000000000e+05
-1.516439971923828125e+02 -7.731300000000000000e+05
-1.614499969482421875e+02 -2.906100000000000000e+05
-1.469899978637695312e+02 -8.218400000000000000e+05
-1.470530014038085938e+02 -7.624800000000000000e+05
-5.263509988784790039e+01 -8.466400000000000000e+05
1.041999816894531250e+01 -9.731630000000000000e+05
-6.000000000000000000e+01 -1.000000000000000000e+06
-3.543300056457519531e+01 -9.388830000000000000e+05
-1.804300003051757812e+02 -1.431500000000000000e+05
-1.680299987792968750e+02 -3.419400000000000000e+05
-1.724100036621093750e+02 -6.671400000000000000e+05
-1.740899963378906250e+02 -6.737400000000000000e+05
-1.714899978637695312e+02 9.825000000000000000e+05
-1.470019989013671875e+02 -2.188700000000000000e+05
-1.813700027465820312e+02 -6.350700000000000000e+05
-1.246559982299804688e+02 -5.206800000000000000e+05
-1.522819976806640625e+02 -6.668800000000000000e+05
-8.790900039672851562e+01 1.719000000000000000e+05
-1.596380004882812500e+02 -8.467800000000000000e+05
-6.000000000000000000e+01 -1.000000000000000000e+06
-6.000000000000000000e+01 -1.000000000000000000e+06
-6.000000000000000000e+01 -1.000000000000000000e+06
-1.136409988403320312e+02 -7.041300000000000000e+05
-1.491579971313476562e+02 -6.869700000000000000e+05
-2.188399963378906250e+02 -6.040000000000000000e+04
-1.993399963378906250e+02 1.869900000000000000e+06
-1.453199996948242188e+02 -8.236700000000000000e+05
-6.000000000000000000e+01 -1.000000000000000000e+06
-1.180890007019042969e+02 -4.871100000000000000e+05
-1.282470016479492188e+02 -3.443600000000000000e+05
-8.042399978637695312e+01 -7.601900000000000000e+05
-6.000000000000000000e+01 -1.000000000000000000e+06
-1.468479995727539062e+02 -6.306300000000000000e+05
-1.528629989624023438e+02 -5.092300000000000000e+05
-1.594670028686523438e+02 -4.283400000000000000e+05
-1.863799972534179688e+02 -7.645500000000000000e+05
-1.981000061035156250e+02 -5.485400000000000000e+05
-6.000000000000000000e+01 -1.000000000000000000e+06
-1.490009994506835938e+02 -3.012800000000000000e+05
-1.306090011596679688e+02 -6.557100000000000000e+05
-1.773199996948242188e+02 -4.415300000000000000e+05
-1.739899978637695312e+02 -5.457000000000000000e+04
-1.770000000000000000e+02 -6.325300000000000000e+05
-1.794100036621093750e+02 -5.120000000000000000e+04
-1.343199996948242188e+02 -6.464700000000000000e+05
-6.000000000000000000e+01 -1.000000000000000000e+06
-1.387959976196289062e+02 -7.508200000000000000e+05
-6.000000000000000000e+01 -1.000000000000000000e+06
-1.948200073242187500e+02 -2.412000000000000000e+05
-6.000000000000000000e+01 -1.000000000000000000e+06
-1.375820007324218750e+02 -6.820800000000000000e+05
-1.454929962158203125e+02 -7.676900000000000000e+05
-2.051300048828125000e+02 -2.640600000000000000e+05
-1.650599975585937500e+02 3.109000000000000000e+05
-1.504509963989257812e+02 -8.372400000000000000e+05
-7.976499938964843750e+01 -3.903000000000000000e+04
-1.526890029907226562e+02 -8.655700000000000000e+05
-1.783399963378906250e+02 6.469000000000000000e+05
-1.675899963378906250e+02 -6.936300000000000000e+05
-1.559160003662109375e+02 -3.857600000000000000e+05
-1.646100006103515625e+02 -6.214200000000000000e+05
-1.982599945068359375e+02 -1.750500000000000000e+05
-1.424039993286132812e+02 -7.768900000000000000e+05
-1.239679985046386719e+02 -7.826700000000000000e+05
-1.975099945068359375e+02 -3.714900000000000000e+05
-1.565220031738281250e+02 -2.487400000000000000e+05
-1.620899963378906250e+02 -4.200000000000000000e+05
-1.883899993896484375e+02 -2.884500000000000000e+05
-1.601999969482421875e+02 -6.183600000000000000e+05
-1.855199966430664062e+02 1.031900000000000000e+06
-2.026900024414062500e+02 -6.893100000000000000e+05
-1.609199981689453125e+02 -6.400600000000000000e+05
-6.000000000000000000e+01 -1.000000000000000000e+06
-1.872500000000000000e+02 1.040000000000000000e+05
-1.518499984741210938e+02 -7.506400000000000000e+05
-1.509449996948242188e+02 -7.328200000000000000e+05
-2.293399963378906250e+02 2.679000000000000000e+06
-6.000000000000000000e+01 -1.000000000000000000e+06
-1.544509963989257812e+02 -5.386400000000000000e+05
-1.518840026855468750e+02 -6.733000000000000000e+05
-1.827099990844726562e+02 -4.918200000000000000e+05
-7.185000038146972656e+01 -5.307000000000000000e+05
-1.747799987792968750e+02 -6.055400000000000000e+05
-1.769199981689453125e+02 -7.829900000000000000e+05
-1.573000030517578125e+02 3.330000000000000000e+05
-1.552799987792968750e+02 1.180000000000000000e+05
-1.950700073242187500e+02 -7.582000000000000000e+05
-6.000000000000000000e+01 -1.000000000000000000e+06
-1.498059997558593750e+02 -8.102200000000000000e+05
-1.659700012207031250e+02 -3.291700000000000000e+05
-1.598809967041015625e+02 -6.217300000000000000e+05
-6.000000000000000000e+01 -1.000000000000000000e+06
-2.058500061035156250e+02 -1.057100000000000000e+05
-6.000000000000000000e+01 -1.000000000000000000e+06
-1.468509979248046875e+02 -6.988600000000000000e+05
-2.084900054931640625e+02 -4.034600000000000000e+05
-1.495530014038085938e+02 -8.255700000000000000e+05
-1.472089996337890625e+02 -3.773100000000000000e+05
-6.000000000000000000e+01 -1.000000000000000000e+06
-6.000000000000000000e+01 -1.000000000000000000e+06
-1.523899993896484375e+02 -4.610000000000000000e+05
-2.281199951171875000e+02 4.742000000000000000e+05
-6.000000000000000000e+01 -1.000000000000000000e+06
-6.000000000000000000e+01 -1.000000000000000000e+06
-1.818399963378906250e+02 -6.266800000000000000e+05
-1.511220016479492188e+02 -7.394000000000000000e+05
-1.675299987792968750e+02 -3.962000000000000000e+04
-1.549779968261718750e+02 -7.015600000000000000e+05
-6.000000000000000000e+01 -1.000000000000000000e+06
-1.708000030517578125e+02 -7.833000000000000000e+04
-1.522770004272460938e+02 -6.059200000000000000e+05
-6.000000000000000000e+01 -1.000000000000000000e+06
-6.000000000000000000e+01 -1.000000000000000000e+06
-1.639199981689453125e+02 -1.216100000000000000e+05
-6.000000000000000000e+01 -1.000000000000000000e+06
-6.000000000000000000e+01 -1.000000000000000000e+06
-6.000000000000000000e+01 -1.000000000000000000e+06
-1.126860008239746094e+02 -7.770400000000000000e+05
-6.000000000000000000e+01 -1.000000000000000000e+06
-1.739800033569335938e+02 -5.687200000000000000e+05
-5.653710007667541504e+01 -9.281850000000000000e+05
-1.604700012207031250e+02 -5.132600000000000000e+05
-1.514169998168945312e+02 -1.399700000000000000e+05
-1.507590026855468750e+02 -7.791900000000000000e+05
-7.899799919128417969e+01 -1.212900000000000000e+05
-6.000000000000000000e+01 -1.000000000000000000e+06
-1.468690032958984375e+02 -9.017100000000000000e+05
-1.657799987792968750e+02 8.248000000000000000e+05
-1.644000015258789062e+02 -8.036000000000000000e+05
-5.955608001351356506e+01 -7.567000000000000000e+05
-1.347040023803710938e+02 -8.747100000000000000e+05
-6.000000000000000000e+01 -1.000000000000000000e+06
-1.721800003051757812e+02 -7.326800000000000000e+05
-1.556689987182617188e+02 2.420000000000000000e+05
-6.085987997055053711e+01 -9.516610000000000000e+05
-6.000000000000000000e+01 -1.000000000000000000e+06
-6.000000000000000000e+01 -1.000000000000000000e+06
-1.626500015258789062e+02 -5.330000000000000000e+05
-7.282499980926513672e+01 -7.053900000000000000e+05
-2.165599822998046875e+01 -9.392410000000000000e+05
-1.452389984130859375e+02 -4.271600000000000000e+05
-6.000000000000000000e+01 -1.000000000000000000e+06
-6.000000000000000000e+01 -1.000000000000000000e+06
-1.522279968261718750e+02 -6.338100000000000000e+05
-1.616900024414062500e+02 -3.454100000000000000e+05
-1.546470031738281250e+02 -6.218400000000000000e+05
-1.664700012207031250e+02 -5.957900000000000000e+05
-6.000000000000000000e+01 -1.000000000000000000e+06
-1.785100021362304688e+02 -6.357800000000000000e+05
-6.000000000000000000e+01 -1.000000000000000000e+06
-1.476699981689453125e+02 -5.569900000000000000e+05
-1.600999984741210938e+02 -7.745400000000000000e+05
-1.532949981689453125e+02 -8.219000000000000000e+04
-6.000000000000000000e+01 -1.000000000000000000e+06
-1.513560028076171875e+02 -7.223200000000000000e+05
-6.000000000000000000e+01 -1.000000000000000000e+06
-2.178399963378906250e+02 -2.996500000000000000e+05
-1.745000000000000000e+02 -3.042200000000000000e+05
-6.000000000000000000e+01 -1.000000000000000000e+06
-6.000000000000000000e+01 -1.000000000000000000e+06
-1.705199966430664062e+02 -3.647500000000000000e+05
-6.000000000000000000e+01 -1.000000000000000000e+06
-1.659199981689453125e+02 -6.609700000000000000e+05
-1.987100067138671875e+02 -6.767200000000000000e+05
-1.503020019531250000e+02 -6.577800000000000000e+05
-1.648099975585937500e+02 1.739300000000000000e+06
-1.610100021362304688e+02 -8.475400000000000000e+05
-1.418830032348632812e+02 -2.524200000000000000e+05
-6.000000000000000000e+01 -1.000000000000000000e+06
-1.577080001831054688e+02 -3.272400000000000000e+05
-1.366470031738281250e+02 -6.206400000000000000e+05
-1.572289962768554688e+02 -7.697900000000000000e+05
-2.175800018310546875e+02 7.617000000000000000e+05
-6.000000000000000000e+01 -1.000000000000000000e+06
-1.437419967651367188e+02 -6.072400000000000000e+05
-6.000000000000000000e+01 -1.000000000000000000e+06
-6.000000000000000000e+01 -1.000000000000000000e+06
-1.507360000610351562e+02 -6.919100000000000000e+05
-1.528330001831054688e+02 -6.372200000000000000e+05
-6.000000000000000000e+01 -1.000000000000000000e+06
-2.039499969482421875e+02 9.009000000000000000e+05
-1.560350036621093750e+02 -1.723600000000000000e+05
-1.709400024414062500e+02 -6.307500000000000000e+05
-2.012899932861328125e+02 -5.064200000000000000e+05
-6.000000000000000000e+01 -1.000000000000000000e+06
-1.618300018310546875e+02 -3.139700000000000000e+05
-6.000000000000000000e+01 -1.000000000000000000e+06
-1.785899963378906250e+02 -6.569400000000000000e+05
-1.529199981689453125e+02 -5.628500000000000000e+05
-1.814000015258789062e+02 2.677000000000000000e+05
-1.465339965820312500e+02 -4.757300000000000000e+05
-1.466409988403320312e+02 -7.978100000000000000e+05
-6.000000000000000000e+01 -1.000000000000000000e+06
-1.638300018310546875e+02 -6.322700000000000000e+05
-6.000000000000000000e+01 -1.000000000000000000e+06
-1.486819992065429688e+02 -5.415500000000000000e+05
-1.098870010375976562e+02 -3.747600000000000000e+05
-1.497030029296875000e+02 2.858000000000000000e+05
-1.678600006103515625e+02 -8.278900000000000000e+05
-6.000000000000000000e+01 -1.000000000000000000e+06
-1.745000000000000000e+02 2.680000000000000000e+04
2.924299621582031250e+01 -9.886780000000000000e+05
-6.375889992713928223e+01 -8.152200000000000000e+05
-6.000000000000000000e+01 -1.000000000000000000e+06
-1.826699981689453125e+02 -9.020000000000000000e+03
-1.641999969482421875e+02 -5.797000000000000000e+04
-1.760699996948242188e+02 -5.792300000000000000e+05
-6.000000000000000000e+01 -1.000000000000000000e+06
-1.481429977416992188e+02 -8.082200000000000000e+05
-1.525220031738281250e+02 -7.579500000000000000e+05
-1.780899963378906250e+02 2.930000000000000000e+04
-6.000000000000000000e+01 -1.000000000000000000e+06
-1.650599975585937500e+02 -6.101000000000000000e+05
-2.164100036621093750e+02 9.610000000000000000e+05
-6.000000000000000000e+01 -1.000000000000000000e+06
-1.849599990844726562e+02 -4.717800000000000000e+05
-1.616699981689453125e+02 -5.138500000000000000e+05
-1.489499969482421875e+02 -8.130000000000000000e+05
-1.217960014343261719e+02 5.800000000000000000e+03
-1.705599975585937500e+02 -7.123100000000000000e+05
-1.436159973144531250e+02 -3.297300000000000000e+05
-6.000000000000000000e+01 -1.000000000000000000e+06
-6.000000000000000000e+01 -1.000000000000000000e+06
-2.123999938964843750e+02 -2.980500000000000000e+05
-1.489980010986328125e+02 -7.974100000000000000e+05
